       userID  n_steps_in  n_steps_out  n_nodes  n_epochs  n_batch  errorTrain  errorTest
0   000000061           8            5       16        30        1        6.58       8.04
1   000000061           5            5        8        30        1        6.68       8.45
2   000000061          10            5        8        30        1        6.94       8.67

3   000000022           8            5        4        30        1        9.63      10.48
4   000000022           5            5       16        30       20        9.57      10.69
5   000000022          10            5        4        30        1        9.51      10.79

6   000000324           5            5        8        30       20        0.97       0.80
7   000000324           8            5        8        30        1        0.94       0.81
8   000000324           8            5        4        30        1        0.93       0.82

9   000000066           5            5        4        30        1        4.47       3.72
10  000000066           8            5        4        30        1        4.44       3.79
11  000000066           8            5       16        30      150        4.21       3.90

12  000000234          10            5        8        30       20       10.28       7.79
13  000000234           5            5        8        30       20        9.76       7.87
14  000000234           5            5       16        30       20        9.79       7.89

15  000000560           5            5        8        30       20        6.73       8.77
16  000000560           5            5       16        30      150        7.84       8.88
17  000000560          10            5       16        30        1        7.16       8.88

18  000000562           8            5       16        30        1        2.01       2.37
19  000000562          10            5        8        30      150        2.27       2.37
20  000000562           8            5        4        30        1        1.91       2.43

21  000000068           8            5       16        30       20        5.68       5.35
22  000000068          10            5       16        30       20        5.35       5.78
23  000000068          10            5        4        30       20        5.77       6.07

24  000000566           8            5       16        30      150        4.11       4.51
25  000000566          10            5       16        30      150        4.60       4.52
26  000000566           8            5        8        30       20        4.13       4.66

27  000000559          10            5        8        30        1        3.39       3.59
28  000000559           5            5        4        30        1        3.16       3.79
29  000000559           8            5        8        30       20        3.09       3.87