       userID  n_steps_in  n_steps_out  n_nodes  n_epochs  n_batch  errorTrain  errorTest
0   000000061          10            5        4        30        1        7.03       7.78
1   000000061           8            5        8        30        1        6.71       8.23
2   000000061           8            5       16        30       20        6.84       8.71

3   000000022          10            5        4        30       20        7.13       7.62
4   000000022           8            5       16        30       20        9.22       9.62
5   000000022          10            5        4        30        1        8.61      10.55

6   000000324           8            5       16        30       20        0.93       0.82
7   000000324          10            5        8        30       20        1.00       0.89
8   000000324          10            5        4        30        1        0.90       0.97

9   000000066           5            5        4        30       20        4.62       3.42
10  000000066          10            5        8        30        1        4.61       3.64
11  000000066           8            5        4        30        1        4.62       3.87

12  000000234           5            5        8        30       20        8.73       7.35
13  000000234           5            5        8        30        1        9.62       7.40
14  000000234           5            5        4        30        1        9.43       7.77

15  000000560           5            5        8        30       20        7.03       7.96
16  000000560          10            5       16        30       20        6.65       7.98
17  000000560          10            5        4        30        1        6.55       8.23

18  000000562           5            5        4        30       20        1.72       1.79
19  000000562           8            5        4        30       20        2.38       2.00
20  000000562          10            5       16        30      150        2.10       2.22

21  000000068           8            5        4        30       20        3.88       3.99
22  000000068           8            5        4        30        1        5.60       4.62
23  000000068           8            5        8        30       20        4.74       5.52

24  000000566           5            5       16        30       20        3.99       4.34
25  000000566           8            5       16        30        1        4.10       4.37
26  000000566          10            5        8        30      150        5.50       4.49

27  000000559           5            5        8        30      150        3.13       3.53
28  000000559           8            5        4        30        1        3.14       3.64
29  000000559           5            5       16        30       20        2.86       3.72