       userID  n_steps_in  n_steps_out  n_nodes  n_epochs  n_batch  errorTrain  errorTest
0   000000061          10            5        8        50        1        6.74       8.01
1   000000061          10            5        8        50      150        6.61       9.22
2   000000061           8            5        8        50        1        6.62       9.98

3   000000022          10            5        4        50      150       12.33       9.59
4   000000022           8            5        4        50        1        8.86       9.79
5   000000022           8            5        8        50      150       13.26      12.35

6   000000324          10            5        4        50        1        0.89       0.88
7   000000324           8            5        4        50        1        0.92       0.89
8   000000324          10            5        8        50        1        0.89       0.90

9   000000066          10            5        8        50        1        4.56       4.25
10  000000066           8            5        8        50      150        4.93       4.49
11  000000066          10            5        8        50      150        4.75       4.83

12  000000234          10            5        8        50        1        9.85       6.29
13  000000234           8            5        4        50        1        9.30       8.27
14  000000234           8            5        8        50      150        9.30       8.86

15  000000560          10            5        8        50        1        6.86       8.41
16  000000560          10            5        4        50        1        6.80       8.94
17  000000560           8            5        8        50        1        6.76       9.33

18  000000562           8            5        8        50      150        1.79       2.38
19  000000562          10            5        8        50      150        2.08       2.44
20  000000562           8            5        8        50        1        1.98       2.51

21  000000068          10            5        8        50      150        4.27       3.71
22  000000068          10            5        4        50        1        5.84       5.48
23  000000068           8            5        8        50        1        5.74       6.09

24  000000566          10            5        8        50        1        4.26       4.11
25  000000566          10            5        4        50        1        4.06       4.51
26  000000566           8            5        8        50        1        4.17       4.80

27  000000559           8            5        8        50      150        4.64       3.47
28  000000559           8            5        4        50        1        3.22       3.82
29  000000559          10            5        4        50        1        3.24       4.03